# id	left	top	right	bottom	texture_id
[SPRITES]
# HUD BACKGROUND
103100	0	2	252	32	120

# ARROW
103002	3	32	11	40	110

# FULL POWER
103050	12	32	26	40	110

# NUMBER
# 0
103010	32	31	41	38	110

# 1
103011	43	31	51	38	110

# 2
103012	52	31	61	38	110

# 3
103013	62	31	71	38	110

# 4
103014	72	31	81	38	110

# 5
103015	82	31	91	38	110

# 6
103016	92	31	101	38	110

# 7
103017	103	31	110	38	110

# 8
103018	113	31	121	38	110

# 9
103019	122	31	131	38	110

# ani_id	sprite1_id	time1	sprite2_id	time2	...
[ANIMATIONS]
# HUD BACKGROUND
103001	103100	100

# ARROW
103002	103002	100

# FULL POWER
103050	103050	100

# NUMBER
# 0
103010	103010	100

# 1
103011	103011	100

# 2
103012	103012	100

# 3
103013	103013	100

# 4
103014	103014	100

# 5
103015	103015	100

# 6
103016	103016	100

# 7
103017	103017	100

# 8
103018	103018	100

# 9
103019	103019	100