[SETTINGS]
limit_time	0
background_color	0	0	0	255
start_position	38	68

# list of object assets to load in this scene
[ASSETS]
src\settings\objects\mario.txt
src\settings\objects\platform.txt
src\settings\objects\effect.txt
src\settings\objects\hud.txt

src\settings\objects\materials\door.txt
src\settings\objects\materials\grass.txt

[OBJECTS]
# type	x	y	extra_settings per object type
# type: 0 = Mario , 1 = Brick, 2 = Goomba, 3 = Koopas
# See OBJECT_TYPE constants in configs\core\ObjectTypes.h

# PLATFORM

5	6	20	16	16	16	1001500	1001550	1001510	1	1
5	6	36	16	16	5	1001570	1001400	1001400	0	0
5	134	36	16	16	1	1001400	1001400	1001400	0	0
5	166	36	16	16	1	1001400	1001400	1001400	0	0
5	214	36	16	16	3	1001400	1001400	1001560	0	0

5	6	52	16	16	4	1001570	1001400	1001400	1	1
5	86	52	16	16	3	1001400	1001400	1001400	1	1
5	150	52	16	16	3	1001400	1001400	1001400	1	1
5	214	52	16	16	3	1001400	1001400	1001560	1	1

5	6	68	16	16	1	1001570	1001570	1001570	1	1
5	86	68	16	16	3	1001400	1001400	1001400	1	1
5	166	68	16	16	1	1001400	1001400	1001400	0	0
5	214	68	16	16	3	1001400	1001400	1001560	1	1

5	6	84	16	16	8	1001570	1001400	1001400	0	0
5	150	84	16	16	7	1001400	1001400	1001560	0	0

5	6	100	16	16	4	1001570	1001400	1001400	1	1
5	102	100	16	16	1	1001400	1001400	1001400	0	0
5	150	100	16	16	2	1001400	1001400	1001400	1	1
5	230	100	16	16	2	1001400	1001400	1001560	1	1

5	6	116	16	16	4	1001570	1001400	1001400	1	1
5	86	116	16	16	4	1001400	1001400	1001400	1	1
5	198	116	16	16	1	1001400	1001400	1001400	1	1
5	230	116	16	16	2	1001400	1001400	1001560	1	1

5	6	132	16	16	4	1001570	1001400	1001900	1	1
5	86	132	16	16	1	1001900	1001900	1001900	1	1
5	102	132	16	16	1	1001700	1001700	1001700	0	0
5	230	132	16	16	2	1001400	1001400	1001560	1	1

5	6	148	16	16	2	1001570	1001400	1001400	1	1
5	38	148	16	16	2	1001900	1001900	1001900	1	1
5	86	148	16	16	3	1001900	1001900	1001400	1	1
5	150	148	16	16	5	1002010	1001400	1002010	1	1
5	230	148	16	16	2	1001400	1001400	1001560	1	1

5	6	164	16	16	2	1001570	1001400	1001400	1	1
5	38	164	16	16	2	1001900	1001900	1001900	1	1
5	70	164	16	16	1	1001400	1001400	1001400	0	0
5	134	164	16	16	1	1001400	1001400	1001400	0	0
5	230	164	16	16	2	1001400	1001400	1001560	1	1

5	6	180	16	16	16	1001520	1001540	1001530	1	1

# ROAD
5	22	68	16	16	1	1001600	1001600	1001600	1	1
5	38	68	16	16	3	1001600	1001600	1001621	0	0
5	70	52	16	16	1	1001610	1001610	1001610	0	0
5	86	36	16	16	1	1001600	1001600	1001600	0	0
5	102	36	16	16	1	1001601	1001601	1001601	0	0
5	118	36	16	16	1	1001600	1001600	1001600	0	0
5	150	36	16	16	1	1001600	1001600	1001600	0	0
5	182	36	16	16	2	1001600	1001600	1001601	0	0

5	182	68	16	16	2	1001600	1001600	1001700	0	0
5	134	52	16	16	1	1001610	1001610	1001610	0	0
5	198	52	16	16	1	1001610	1001610	1001610	0	0

5	134	68	16	16	1	1001612	1001612	1001612	0	0
5	150	68	16	16	1	1001600	1001600	1001600	0	0

5	134	84	16	16	1	1001610	1001610	1001610	0	0
5	70	100	16	16	2	1001612	1001600	1001600	0	0
5	118	100	16	16	2	1001600	1001600	1001800	0	0
5	182	100	16	16	3	1002020	1002000	1002021	0	0

5	182	100	16	16	3	1002020	1002000	1002021	0	0
5	70	116	16	16	1	1001610	1001610	1001610	0	0
5	150	116	16	16	3	1002020	1002000	1002030	1	1

5	214	132	16	16	1	1002010	1002010	1002010	1	1

5	70	132	16	16	1	1001612	1001612	1001612	0	0
5	118	132	16	16	2	1001600	1001600	1001601	0	0
5	166	132	16	16	2	1001601	1001600	1001600	0	0
5	150	132	16	16	1	1003000	1003000	1003000	0	0
5	198	132	16	16	1	1013001	1013001	1013001	0	0

5	70	148	16	16	1	1001610	1001610	1001610	0	0
5	134	148	16	16	1	1001610	1001610	1001610	0	0

5	86	164	16	16	3	1001600	1001601	1001600	0	0
5	150	164	16	16	5	1002031	1002000	1002030	1	1

# MARIO
0	38	68

#GRASS
62	22	36
62	38	36
62	54	36

62	22	52
62	38	52
62	54	52

62	22	84
62	38	84
62	54	84

62	22	100
62	38	100
62	54	100

62	22	116

62	86	52
62	102	52
62	118	52

62	86	68
62	102	68
62	118	68

62	86	84
62	102	84
62	118	84

62	102	116
62	118	116
62	134	116

62	150	100
62	166	100

62	150	84
62	166	84
62	182	84
62	198	84
62	214	84
62	230	84

62	150	52
62	166	52
62	182	52

62	214	84
62	230	84

62	214	68
62	230	68

62	214	52
62	230	52

62	214	36
62	230	36

62	230	100
62	230	116
62	230	132
62	230	148
62	230	164

#DOOR
51	70	36	1	1
51	134	36	2	2
51	166	36	3	3
51	166	68	4	4
51	72	164	5	5
51	136	164	6	6

#YELLOW CARD DOOR
5	70	84	16	16	1	1001200	1001200	1001200	1	1

# YELLOW CATTLE
5	102	100	16	16	1	1001300	1001300	1001300	0	1