# list of object assets to load in this scene
[ASSETS]
src\settings\objects\mario.txt
src\settings\objects\platform.txt

# materials
src\settings\objects\materials\cloud.txt
src\settings\objects\materials\question_brick.txt
src\settings\objects\materials\pipe.txt
src\settings\objects\materials\brick.txt

# items
src\settings\objects\items\mushroom.txt
src\settings\objects\items\coin.txt
src\settings\objects\items\bullet.txt
src\settings\objects\items\leaf.txt

# monster
src\settings\objects\monsters\plant.txt
src\settings\objects\monsters\koopa.txt
src\settings\objects\monsters\goomba.txt

[OBJECTS]
# type	x	y	extra_settings per object type
# type: 0 = Mario , 1 = Brick, 2 = Goomba, 3 = Koopas
# See OBJECT_TYPE constants in AssetIDs.h

# BLUE BLOCK
5	272	112	16	16	3	1000205	1000210	1000215	1
5	272	128	16	16	3	1000220	1000225	1000230	0
5	288	144	16	16	2	1000235	1000225	1000230	0
5	288	160	16	16	2	1000235	1000225	1000230	0
5	288	176	16	16	2	1000235	1000225	1000250	0

# SHADER FOR SECOND BLUE BLOCK
5	320	112	16	16	1	1000710	1000710	1000710	0
5	320	128	16	16	1	1000720	1000720	1000720	0
5	320	144	16	16	1	1000720	1000720	1000720	0
5	320	160	16	16	1	1000720	1000720	1000720	0
5	320	176	16	16	1	1000720	1000720	1000720	0

# GREEN BLOCK
5	400	144	16	16	5	1000510	1000520	1000530	1
5	400	160	16	16	5	1000540	1000550	1000560	0
5	400	176	16	16	5	1000570	1000580	1000590	0

5	512	160	16	16	6	1000510	1000520	1000530	1
5	512	176	16	16	6	1000570	1000580	1000590	0

# SHADER FOR SECOND GREEN BLOCK
5	608	160	16	16	1	1000710	1000710	1000710	0
5	608	176	16	16	1	1000720	1000720	1000720	0

# PINK BLOCK
5	240	144	16	16	3	1000405	1000410	1000415	1
5	240	160	16	16	3	1000420	1000425	1000430	0
5	240	176	16	16	3	1000445	1000450	1000455	0

5	464	112	16	16	4	1000405	1000410	1000415	1
5	464	128	16	16	4	1000420	1000425	1000430	0
5	480	144	16	16	3	1000435	1000425	1000430	0
5	480	160	16	16	2	1000440	1000425	1000425	0
5	480	176	16	16	2	1000460	1000450	1000450	0

#WHITE BLOCK
5	512	80	16	16	4	1000610	1000620	1000630	1
5	512	96	16	16	4	1000640	1000650	1000660	0
5	528	112	16	16	3	1000670	1000650	1000660	0
5	528	128	16	16	3	1000680	1000650	1000660	0
5	528	144	16	16	3	1000680	1000650	1000660	0

# SHADER FOR FIRST WHITE BLOCK
5	576	80	16	16	1	1000710	1000710	1000710	0
5	576	96	16	16	1	1000720	1000720	1000720	0
5	576	112	16	16	1	1000720	1000720	1000720	0
5	576	128	16	16	1	1000720	1000720	1000720	0
5	576	144	16	16	1	1000720	1000720	1000720	0

#SMALL BUSH
5	160	176	16	16	3	1000380	1000380	1000380	0
5	672	160	16	16	6	1000380	1000380	1000380	0
5	1040	160	16	16	2	1000380	1000380	1000380	0

# BIG BUSH
# BUSH 1
5	32	128	16	16	2	1000310	1000320	1000320	0

5	16	144	16	16	2	1000310	1000340	1000340	0
5	48	144	16	16	1	1000370	1000330	1000330	0
5	64	144	16	16	2	1000310	1000320	1000320	0
5	96	144	16	16	2	1000310	1000320	1000320	0

5	16	160	16	16	5	1000350	1000360	1000370	0
5	32	160	16	16	2	1000330	1000340	1000340	0
5	96	160	16	16	3	1000350	1000330	1000320	0

5	16	176	16	16	8	1000350	1000360	1000370	0
5	80	176	16	16	2	1000330	1000340	1000340	0

5	880	112	16	16	2	1000310	1000320	1000320	0

# BUSH 2
5	832	128	16	16	2	1000310	1000320	1000320	0
5	864	128	16	16	2	1000310	1000340	1000340	0
5	896	128	16	16	1	1000370	1000330	1000330	0
5	912	128	16	16	2	1000310	1000320	1000320	0
5	960	128	16	16	2	1000310	1000320	1000320	0

5	832	144	16	16	7	1000340	1000360	1000370	0
5	848	144	16	16	2	1000330	1000340	1000340	0
5	880	144	16	16	2	1000330	1000340	1000340	0
5	960	144	16	16	3	1000340	1000330	1000320	0

5	816	160	16	16	2	1000310	1000340	1000340	0
5	848	160	16	16	6	1000360	1000360	1000370	0
5	944	160	16	16	2	1000310	1000340	1000340	0
5	976	160	16	16	2	1000360	1000370	1000370	0

// temp fix for render will solve it later
# MARIO
0	20	10

# Question Brick
# type	x	y	item_type
8	170	130	2
8	186	130	2

8	220	80	1
8	236	80	1

8	650	162	2
8	740	105	1

# Pipe
9	352	160	11

### Monsters ###
#Goombas
2	200	160
2	450	160

2	800	160
2	850	160

2	1040	160	1

# Koopas
10	520	130

#Platform
5	0	192	16	16	39	1000010	1000020	1000030	1	1
5	624	176	16	16	29	1000010	1000020	1000030	1	1

#GROUND 2
5	624	192	16	16	29	1000110	1000120	1000130	1	1