# id	left	top	right	bottom	texture_id
[SPRITES]
### RED ###
# WALK RIGHT
601001	255	196	270	225	50
601002	215	196	230	225	50

# WALK LEFT
601011	125	196	140	225	50
601012	165	196	180	225	50

# DEPEND
601021	50	203	65	218	50
601022	14	203	30	218	50

# COMBACK AFTER DEPEND
601031	84	203	101	218	50

# FLY LEFT
601341	44	248	60	275	50
601342	85	248	101	275	50
601343	125	248	141	276	50
601344	165	248	181	276	50

# FLY RIGHT
601441	334	248	350	275	50
601442	294	248	311	275	50
601443	254	248	270	276	50
601444	214	248	230	276	50

### GREEN ###
# WALK RIGHT
601301	255	98	270	124	50
601302	215	98	230	124	50

# WALK LEFT
601311	125	98	141	124	50
601312	165	98	181	124	50

# DEPEND
601321	50	104	65	120	50
601322	14	104	30	120	50

# COMBACK AFTER DEPEND
601331	84	104	101	120	50

# FLY LEFT
601341	44	147	60	174	50
601342	85	147	101	174	50
601343	125	147	141	175	50
601344	165	147	181	175	50

# FLY RIGHT
601441	334	147	350	174	50
601442	294	147	311	174	50
601443	254	147	270	175	50
601444	214	147	230	175	50

# ani_id	sprite1_id	time1	sprite2_id	time2	...
[ANIMATIONS]
### RED ###
# WALK RIGHT
601001	601001	100	601002	100

# WALK LEFT
601002	601011	100	601012	100

# DEPEND
601003	601021	100

# BE KICKED
601004	601021	100	601022	100

# COMBACK AFTER DEPEND
601005	601021	100	601031	100

# FLY LEFT
601006	601341	100	601343	100	601342	100	601344	100

# FLY RIGHT
601007	601441	100	601443	100	601442	100	601444	100

### GREEN ###
# WALK RIGHT
601011	601301	100	601302	100

# WALK LEFT
601012	601311	100	601312	100

# DEPEND
601013	601321	100

# BE KICKED
601014	601321	100	601322	100

# COMBACK AFTER DEPEND
601015	601321	100	601331	100

# FLY LEFT
601016	601341	100	601343	100	601342	100	601344	100

# FLY RIGHT
601017	601441	100	601443	100	601442	100	601444	100