# list of object assets to load in this scene
[SETTINGS]
limit_time	300
background_color	156.0	252.0	240.0	255

[HIDDEN_MAPS]
-1	src\settings\scenes\scene4\hidden_map.txt

[ASSETS]
src\settings\objects\mario.txt
src\settings\objects\platform.txt
src\settings\objects\effect.txt
src\settings\objects\hud.txt

# materials
src\settings\objects\materials\cloud.txt
src\settings\objects\materials\question_brick.txt
src\settings\objects\materials\breakable_brick.txt
src\settings\objects\materials\pipe.txt

# items
src\settings\objects\items\mushroom.txt
src\settings\objects\items\coin.txt
src\settings\objects\items\bullet.txt
src\settings\objects\items\leaf.txt
src\settings\objects\items\breakable_brick_switch.txt

# monster
src\settings\objects\monsters\plant_shooter.txt
src\settings\objects\monsters\koopa.txt
src\settings\objects\monsters\goomba.txt
src\settings\objects\monsters\carnivorous_plant.txt

[OBJECTS]
# type	x	y	extra_settings per object type
# type: 0 = Mario , 1 = Brick, 2 = Goomba, 3 = Koopas
# See OBJECT_TYPE constants in AssetIDs.h

# BLACK BACKGROUND
63	2408	500	300

# ELIPSE IN BLACK BACKGROUND
5	2520	470	32	15	1	1003300	1003300	1003300	0
5	2510	570	32	15	1	1003300	1003300	1003300	0
5	2600	510	32	15	1	1003300	1003300	1003300	0
5	2630	600	32	15	1	1003300	1003300	1003300	0

# FRONT OF FIRST HOLE
# BLUE BLOCK
5	272	572	16	16	3	1000205	1000210	1000215	1
5	272	588	16	16	3	1000220	1000225	1000230	0
5	288	604	16	16	2	1000235	1000225	1000230	0
5	288	620	16	16	2	1000235	1000225	1000230	0
5	288	636	16	16	2	1000235	1000225	1000250	0

# SHADER FOR SECOND BLUE BLOCK
5	320	572	16	16	1	1000710	1000710	1000710	0
5	320	588	16	16	1	1000720	1000720	1000720	0
5	320	604	16	16	1	1000720	1000720	1000720	0
5	320	620	16	16	1	1000720	1000720	1000720	0
5	320	636	16	16	1	1000720	1000720	1000720	0

# GREEN BLOCK
5	400	604	16	16	5	1000510	1000520	1000530	1
5	400	620	16	16	5	1000540	1000550	1000560	0
5	400	636	16	16	5	1000570	1000580	1000590	0

5	512	620	16	16	6	1000510	1000520	1000530	1
5	512	636	16	16	6	1000570	1000580	1000590	0

# SHADER FOR SECOND GREEN BLOCK
5	608	620	16	16	1	1000710	1000710	1000710	0
5	608	636	16	16	1	1000720	1000720	1000720	0

# PINK BLOCK
5	240	604	16	16	3	1000405	1000410	1000415	1
5	240	620	16	16	3	1000420	1000425	1000430	0
5	240	636	16	16	3	1000445	1000450	1000455	0

5	464	572	16	16	4	1000405	1000410	1000415	1
5	464	588	16	16	4	1000420	1000425	1000430	0
5	480	604	16	16	3	1000435	1000425	1000430	0
5	480	620	16	16	2	1000440	1000425	1000425	0
5	480	636	16	16	2	1000460	1000450	1000450	0

#WHITE BLOCK
5	512	540	16	16	4	1000610	1000620	1000630	1
5	512	556	16	16	4	1000640	1000650	1000660	0
5	528	572	16	16	3	1000670	1000650	1000660	0
5	528	588	16	16	3	1000680	1000650	1000660	0
5	528	604	16	16	3	1000680	1000650	1000660	0

# SHADER FOR FIRST WHITE BLOCK
5	576	540	16	16	1	1000710	1000710	1000710	0
5	576	556	16	16	1	1000720	1000720	1000720	0
5	576	572	16	16	1	1000720	1000720	1000720	0
5	576	588	16	16	1	1000720	1000720	1000720	0
5	576	604	16	16	1	1000720	1000720	1000720	0

#SMALL BUSH
5	160	636	16	16	3	1000380	1000380	1000380	0

5	672	620	16	16	6	1000380	1000380	1000380	0

5	1040	620	16	16	2	1000380	1000380	1000380	0

5	1184	636	16	16	3	1000380	1000380	1000380	0

#CLOUD
5	320	502	16	16	3	1000810	1000820	1000830	0
5	320	518	16	16	3	1000840	1000850	1000860	0

5	112	518	16	16	4	1000810	1000820	1000830	0
5	112	534	16	16	4	1000840	1000850	1000860	0

5	640	518	16	16	3	1000810	1000820	1000830	0
5	640	534	16	16	3	1000840	1000850	1000860	0

5	720	540	16	16	5	1000810	1000820	1000830	0
5	720	556	16	16	5	1000840	1000850	1000860	0

# BIG BUSH
# BUSH 1
5	32	588	16	16	2	1000310	1000320	1000320	0	0

5	16	604	16	16	2	1000310	1000340	1000340	0	0
5	48	604	16	16	1	1000370	1000330	1000330	0	0
5	64	604	16	16	2	1000310	1000320	1000320	0	0
5	96	604	16	16	2	1000310	1000320	1000320	0	0

5	16	620	16	16	5	1000350	1000360	1000370	0	0
5	32	620	16	16	2	1000330	1000340	1000340	0	0
5	96	620	16	16	3	1000350	1000330	1000320	0	0

5	16	636	16	16	8	1000350	1000360	1000370	0	0
5	80	636	16	16	2	1000330	1000340	1000340	0	0
5	880	572	16	16	2	1000310	1000320	1000320	0	0

# BUSH 2
5	832	588	16	16	2	1000310	1000320	1000320	0	0
5	864	588	16	16	2	1000310	1000340	1000340	0	0
5	896	588	16	16	1	1000370	1000330	1000330	0	0
5	912	588	16	16	2	1000310	1000320	1000320	0	0
5	960	588	16	16	2	1000310	1000320	1000320	0	0

5	832	604	16	16	7	1000340	1000360	1000370	0	0
5	848	604	16	16	2	1000330	1000340	1000340	0	0
5	880	604	16	16	2	1000330	1000340	1000340	0	0
5	960	604	16	16	3	1000340	1000330	1000320	0	0

5	816	620	16	16	2	1000310	1000340	1000340	0	0
5	848	620	16	16	6	1000360	1000360	1000370	0	0
5	944	620	16	16	2	1000310	1000340	1000340	0	0
5	976	620	16	16	2	1000360	1000370	1000370	0	0

# BEHIND OF FIRST HOLE

# BLUE BLOCK
5	1327	556	16	16	6	1000205	1000210	1000215	1
5	1327	572	16	16	6	1000220	1000225	1000230	0
5	1391	588	16	16	2	1000235	1000225	1000230	0
5	1391	604	16	16	2	1000235	1000225	1000230	0
5	1391	620	16	16	2	1000235	1000225	1000230	0
5	1391	636	16	16	2	1000235	1000225	1000250	0

# PINK BLOCK
5	1295	588	16	16	6	1000405	1000410	1000415	1
5	1295	604	16	16	6	1000420	1000425	1000430	0
5	1359	620	16	16	2	1000440	1000445	1000430	0
5	1359	636	16	16	2	1000460	1000445	1000455	0

5	1300	390	16	16	6	1000405	1000410	1000415	1
5	1300	406	16	16	6	1000420	1000425	1000430	0
5	1300	420	16	16	6	1000445	1000450	1000455	0

5	2143	604	16	16	3	1000405	1000410	1000415	1
5	2143	620	16	16	3	1000420	1000425	1000430	0
5	2143	636	16	16	3	1000445	1000450	1000455	0

# GREEN BLOCK
5	1263	620	16	16	6	1000510	1000520	1000530	1
5	1263	636	16	16	6	1000570	1000580	1000590	0

# CLOUD
5	1680	518	16	16	5	1000810	1000820	1000830	0
5	1680	534	16	16	5	1000840	1000850	1000860	0

# FACE CLOUD
5	1407	460	16	16	4	1001100	1001100	1001100	1
5	1487	444	16	16	13	1001100	1001100	1001100	1

# SMALL BUSH
5	1730	636	16	16	3	1000380	1000380	1000380	0

# BIG BUSH
5	1904	636	16	16	3	1000350	1000360	1000370	0
5	1887	636	16	16	2	1000310	1000340	1000340	0
5	1904	604	16	16	2	1000310	1000320	1000320	0
5	1904	620	16	16	3	1000350	1000330	1000320	0

# MARIO
0	20	610

# COIN
10	1073	588
10	1104	556
10	1136	524
10	1168	492
10	1200	460

10	1320	370
10	1336	370
10	1352	370

10	1487	380
10	1503	380

10	1535	396
10	1551	396
10	1567	396
10	1583	396

10	1615	380
10	1631	380
10	1647	380
10	1663	380

10	1695	412
10	1720	360
10	1740	380
10	1790	340
10	1820	380

# QUESTION BRICK
# type	x	y	item_type
61	170	590	1
61	186	590	1

61	220	540	1
61	236	540	2

61	650	622	2
61	720	570	1

61	1455	396	3

61	1471	595	2

# PIPE
# object_type, x, y, state, plant_type, direction, color,
11	1792	628	2	3	2	1

11	1856	621	1	2	2	1

5	2256	620	16	16	2	1003200	1003200	1003201	1	1
5	2256	636	16	16	2	1003200	1003200	1003201	1	1

5	2256	444	16	16	2	1003200	1003200	1003201	1	1
5	2256	460	16	16	2	1003200	1003200	1003201	1	1
5	2256	476	16	16	2	1003200	1003200	1003201	1	1
5	2256	492	16	16	2	1003200	1003200	1003201	1	1
5	2256	508	16	16	2	1003200	1003200	1003201	1	1
5	2256	524	16	16	2	1003200	1003200	1003201	1	1

# ENTERABLE PIPE
12	354	621	1	1	2	1	-1
12	2263	413	1	0	2	1	-1

# OUTERING PIPE
13	2336	621	1	0	2	1	1

### Monsters ###
#GOOMBAS
1	200	635
1	450	635

1	800	619
1	850	619

1	1040	619	1

# KOOPAS
2	520	590

2	1340	520	1	1
2	1360	500	1	1
2	1380	480	1	1

2	1437	620	1	0	0

2	2113	588

# BRICK
# ZEBRA BRICK
5	1503	563	16	16	2	1001000	1001000	1001000	1	1

5	1616	604	16	16	1	1001000	1001000	1001000	1	1
5	1600	620	16	16	2	1001000	1001000	1001000	1	1
5	1584	636	16	16	3	1001000	1001000	1001000	1	1

5	1680	604	16	16	1	1001000	1001000	1001000	1	1
5	1680	620	16	16	2	1001000	1001000	1001000	1	1
5	1680	636	16	16	3	1001000	1001000	1001000	1	1

5	2255	540	16	16	2	1001000	1001000	1001000	1	1
5	2255	605	16	16	2	1001000	1001000	1001000	1	1

# BREAKABLE BRICK
60	1951	636	1
60	1968	636	1
60	1985	636	1
60	2002	636	1
60	2019	636	1
60	2036	636	1
60	2053	636	1

60	1968	619	1
60	1985	619	1
60	2002	619	1
60	2019	619	1
60	2036	619	1

60	1985	602	1
60	2002	602	1
60	2019	602	1
60	2036	602	3

60	2096	636	1
60	2113	636	1

60	2113	619	1

# RANDOM CARD
14	2560	570

#Platform
5	0	652	16	16	39	1000010	1000020	1000030	1	1
5	624	652	16	16	29	1000110	1000120	1000130	1	1

5	1152	652	16	16	22	1000010	1000020	1000030	1	1

5	1536	652	16	16	6	1000010	1000020	1000030	1	1

5	1680	652	16	16	35	1000010	1000020	1000030	1	1

5	2256	652	16	16	29	1000010	1000020	1000030	1	1

#GROUND 2
5	624	636	16	16	29	1000010	1000020	1000030	1	1